750
931
39
28
109
567
480
23
451
907
251
347
663
596
604
222
514
577 882
590 664
960 894
546
181
404
994
433
729
900
533
812
233
421
141
427 498
116 918
238 988
638
549
38
886
978
969
450
923
778
107
340
928 932
746
18 547
369
381
168 27
367
302
648
888
852
702
587 698
96 151
866 973
662 137
482 438
15 162
78
313
442
64 65
657 259
368 461
645
149
576
641
229
232
317
337 773
499
771
216
644
9
462
560
325
635 82
385 163
478 818
297 407
984 383
118 183
745
505
554
579 956
669
962
569
541
807
0 108
761
926
592
613
456
111
526
935
240
925
112
938
694
630 967
147 157
388 72
145
305
261
884 76
835 394
105 620
822
284
597
848
799
911 953
601 871
762 195
241
329
629
830
972
594
712
845
51 114
504
726 522
491
564 339
21
211
70
681 833
67 243
361
33
966
154
756
25
400
293
628 563
146 814
61 943
449 249
725
45
14
117 206
464 876
534 794
801 376
970
842
197
314
81
90
423
352
29
342
441
730
741
649
676 371
889
739
98
446
349
230
708
417 273
318 444
944
140
588
201
396
121
136
373 528
622 760
52 10
670 846
344 469
640
416
277
387
555
561
650
332
680
602
624 93
99 856
123 40
986
987
948
496 603
390 774
825 236
912 204
203
1
265
412
507
125
338 426
359 133
212
939
5
610
311
815
296
196
63
689 872
410 44
153 155
868 572
19
652
132
276
219
300
992
393
804
829
42
916 731
977 413
779
860
335 524
319
997
996 800
559
509
60
356
334
354
66 30
808 840
766
362
89
878
690
190 945
632 545
288 879
94 262
86 415
605
223 753
406
671
142
328
75
327 615
757
863
788 666
718
851
958 716
820
57 543
360
672
252 422
516
706
859
110
854
736
593
286
616
500
7
440
647
227 518
8 408
472
139
167
326
998
869
156 475
905
591
607 26
386 513
686 837
247
855
255
917
176
403 542
979 270
101 993
942
557
411
803
537 661
975
275
823
777
53 172
226 80
764
389
3
425
963
186
626
457
463
435
54 418
552 336
144 91
113
448
175 717
271 330
562 494
447 553
92
679
346
819
191 173
179
436
309
22
913
936
678
806 897
838 930
350 952
345 49
150 458
877
348
17
291 501
452 991
170
268
363 129
58 289
887
850
254
485
189
921
529 759
595 810
228
790
503 847
703 402
570
11
292
217
87
752 643
566 263
642
538
374
13
606
844
738
152 264
165 920
832 31
704
120
174
97 512
544 861
308
627
849
784
904 119
957 437
924
836
964
48
225
355 947
751 392
578 949
540
468
502
73
658
955
780
634 965
420
728
727
476 824
961 59
320
506
611
742
821
209
379
980 215
720 816
258
303
180 750
115 256
301
783 182
430
208
768
439
298
41
933
775
465 285
937 304
802
34
646
589 660
428 365
282
811
364
922
177
312
520
207 637
467
551
677
184
69 185
490 817
391
539
954
166
479
951
294
853 307
870
148
530
245
380
968 382
700 138
743
202
719
724
574
747
999 248
4
880
85 668
178
279
316
79 701
399 234
495 401
16
792
896
477
600 126
473
787
895
711 805
831
515
122
453
466 20
687
405 891
267
826
575
809
707
767
323
914
493
959
414 409
161 517
585 242
899
24
786
443 525
315
893
910 857
130 721
460
940 214
193
536
682
667
510 128
754
898 990
550
351
556
131 862
710 434
675 903
909 36
47 744
770 740
785
43
633 715
599 995
527 244
135
487 250
474 454
429
100
272
565
192
237 619
908
194
310 883
623
981 32
733
353 674
839
74
210
598 46
915 88
614
621
299
239
582 571
665 795
205
71 709
357
384 535
220
793 858
331 266
890
971
902 321
159
688
160 134
2 12
722
221 985
246 102
769 424
431
218 796
199 481
253 828
37 143
358
224 484
693
612 797
625 521
867
56
655
584
684 471
198 617
919 705
306 324
659 470
295 737
789 169
748
333
653 885
683 124
901 946
378
483
843
55 280
609 188
84 158
77
927 765
685 631
395 673
492 459
699 813
841 341
798 257
892 782
68 6
763 697
548 558
322 419
608 523
618 581
934 269
486
732
950
281
106
283
791
397
586 636
580 695
834 583
989
35
278
906
696 714
874
164
375 758
398 573
772
692
568 982
531
976
445 941
656
432 651
713
231 455
735 511
654
781 929
532
755
187
377
489
497
370
864
865
827
519
235
974 343
881 200
103
213
776
488
508
875
691
104 95
639
127
62
274
723
287
749 366
171 372
983
734
290 873
83
260
50

